fake1 21.96434637104355 104.61516174546551
fake2 21.469330197300604 103.92851626367204
fake3 22.17815182975421 103.49455631917859
fake4 21.51533104687375 104.59868225390245
fake5 22.127275130504888 105.44462948747199
fake6 21.489776814634048 105.60393123924807
fake7 21.10080243965118 106.38945367041978
fake8 20.674834853506837 106.20268609937197
fake9 21.453993350678584 106.76848197636978
fake10 22.513474773791124 105.56547909226762
123321 21.017483262157207 105.82716174267807
2244 21.017483262157207 105.82716174267807
demo1 21.21272254428497 105.86182481302079
demo2 20.471145707247768 105.84511924064643
demo3 20.481198050246633 106.2078941358447